Notas

Si          246.94  493.88  987.77
La#/Sib     233.08  466.16  932.33
La          220.00  440.00  880.00
Sol#/Lab    207.65  415.30  830.61
Sol         196.00  392.00  783.99
Fa#/Solb    185.00  369.99  739.99
Fa          174.61  349.23  698.46
Mi          164.81  329.63  659.26
Re#/Mib     155.56  311.13  622.25
Re          146.83  293.66  587.33
Do#/Reb     138.59  277.18  554.37
Do          130.81  261.63  523.25

Acordes

Do, Mi, Sol
130.81  261.63  523.25
164.81  329.63  659.26
196.00  392.00  783.99

Si, Re, Mi, Sol#
246.94  493.88  987.77
146.83  293.66  587.33
164.81  329.63  659.26
207.65  415.30  830.61

La, Do, Mi
220.00  440.00  880.00
130.81  261.63  523.25
164.81  329.63  659.26

La, Re, Fa#, Do
220.00  440.00  880.00
146.83  293.66  587.33
185.00  369.99  739.99
130.81  261.63  523.25

Do, Mi, Sol
130.81  261.63  523.25
164.81  329.63  659.26
196.00  392.00  783.99

La, Re, Fa, Si
220.00  440.00  880.00
146.83  293.66  587.33
174.61  349.23  698.46
246.94  493.88  987.77

Do, Mi, Sol
130.81  261.63  523.25
164.81  329.63  659.26
196.00  392.00  783.99